21.2 3.8 3.7 8.6 5.6
16.8 3.3 3.1 6.9 3.5
26.2 6 6 9.6 4.2
17.2 1.5 1.7 6.6 4.9
26.2 5.2 5 5.4 8.2
26.4 5.4 5.5 9.8 5.7
26.3 8.3 8.2 5.4 7.3
29.1 4.3 4.5 6.9 8.6
25.5 5.9 6.1 6.4 8.6
19.1 2.5 2.4 9.5 4.5
21.3 6.6 6.6 4.3 2.4
35.4 8.9 8.9 8.9 6.8
14.2 3.5 3.5 5.1 3.6
25.9 4.6 4.8 5.5 9.4
26.1 7.9 7.9 5.1 2.4
32.2 7 6.9 6.6 9.7
15.9 2.8 2.9 6.4 1
23.1 4.2 4.2 8.1 7.4
21.9 4.2 4.2 6 6.7
33.5 7.2 7.2 7.9 8
27.4 5.8 5.9 4.6 9
27.7 7.4 7.3 5.6 5.6
28.2 5.8 5.7 5.7 7.7
35 7.7 7.9 9.9 9.3
18.3 4.8 4.6 4.9 1.8
19.9 2.5 2.5 10 5.5
27.1 7.9 7.8 8.1 2.8
34.8 8.9 9 5.6 9.9
21 5.9 6 5.5 1.3
14.6 3.5 3.3 9.2 3
26.6 5.4 5.5 3.4 9
25.2 9.4 9.4 2.6 2.1
20.8 4.1 4 4.6 4.3
30.5 9.6 9.4 5.8 2.5
22.6 7.3 7.3 3.2 2.5
33.5 9 9 4.4 9.8
22.1 2.6 2.6 6.2 8.3
26.7 6.7 6.7 2.9 9.6
35.1 9.9 10.1 8.2 4.6
21.5 2.2 2.2 6.7 8.7
19.8 4 3.9 7.6 1.6
26 8.8 8.9 4.9 3.7
27.8 8 7.9 6.2 5.4
28.7 8.4 8.3 3.3 6.8
22.4 6.4 6.4 5.2 5.6
22 5.4 5.7 2.5 8.2
30.2 8 7.9 6.5 6.1
36.3 9 9 9.6 4.2
20.5 2.9 2.8 5.3 6.9
16.7 3.8 3.6 7.8 3.2
9.8 4 3.9 1.2 3.4
12.9 2.8 2.9 2.5 5.7
19.5 3.1 3.1 6.8 7.6
17.2 3.5 3.6 2.5 8
20.5 6.3 6.2 4.2 2
18.8 3.3 3.2 2.7 6.5
23.7 2.1 2 9.1 9.2
17.7 3.1 3 3.1 6.7
23.4 6.4 6.5 9.9 3.5
13.2 2.9 2.9 1.2 4.2
22.1 5.2 5.2 2 7
25.4 6.8 6.8 3.2 9.2
34.3 9.6 9.6 7.5 7.6
25.2 7.1 6.9 1.3 9.3
20.4 5 5 5.9 4.4
25.9 4.2 4.2 7.1 8.7
15.3 5.1 5.2 3.7 1.5
17.9 5 5 4.5 3.3
17.8 3.2 3.2 7.6 4.3
31.1 7.2 7.4 9.7 4.2
19.3 4.7 4.6 7.8 3.5
21.5 3.9 4 6.2 4.5
23.1 6.2 6.1 5.2 4.1
28 9.7 9.7 4.2 3.5
27.8 7 6.8 4.5 8.2
32 6.6 6.6 2.9 10
29.4 8.7 8.7 2.2 7.8
30.6 8 8.1 4.5 6.4
29 8.5 8.5 3.4 6.3
18 1.8 1.9 7.3 6.2
16.2 5.1 5.1 4.7 3.1
24.6 6.4 6.3 3.4 5.1
34.8 9.3 9.3 4.6 10
26.1 9.8 9.8 2.8 1.7
14.6 1.3 1.5 8.5 1.5
24.2 6.2 6.2 5.8 5.4
21.6 7.6 7.6 4.6 1.5
21.9 3.2 3.3 6.2 9.6
20.1 3.7 3.7 9.7 6.7
23.4 7.6 7.6 6.9 3.4
36.8 9.2 9.1 4 10
10 2.9 2.7 4 4.2
24.1 4.2 4.2 9.5 4.3
20.7 5 5.1 4.4 4
25.1 9.2 9.1 6.1 1.9
23.8 4.5 4.4 5.6 6.2
17.5 5.7 5.6 2.2 4
9.5 2.1 2.1 3.2 1
23.8 1.3 1.3 7.5 10
24 7.9 8 3.7 4.3
