26 1 5 0.1 12.3
46.4 14 8.2 0.3 10.4
28.3 16 3 0 4
39.3 4 10.7 0 5.7
40.7 11 9 0.1 6
50.6 15 9.4 0.2 10.1
25.2 2 8 0.2 3.1
45.4 1 6.6 0.6 24.8
37.3 1 6.2 0 21.5
62.9 8 11.8 0 25.1
78.9 12 14.6 0.1 29.1
52.9 2 11.6 0 20.8
34.9 2 9.6 0 8.2
84 13 13 0 36
59.9 2 12 0 26.6
61.9 1 12 0 29.9
40.3 1 8 0.1 18.9
76.6 12 10.3 0.1 36.6
76.8 16 10.7 0 35
40.8 3 9.4 0 8.5
61.5 6 12.7 0.1 23.6
48.7 3 12.1 0 13
34.9 3 10.5 0 4
33.3 3 9.5 0 4
47 14 11.6 0 4.6
26 1 5 0.3 12
47.5 15 9.9 0 8.1
60.7 16 11.1 0.1 15.4
30.5 2 8 0.2 9.7
72 16 10.7 0.1 27.6
31.7 2 8 0 9
48.7 3 9.1 0 18.4
52.4 3 12.1 0 18.5
47.5 16 8.4 0 9.6
52.8 16 10.6 0 10.6
53.6 13 10.6 0.1 13.6
34.3 1 5.5 0.2 18
68.7 14 8.5 0 31.5
33 3 9 0 4.2
41.4 15 8.2 0 3
23.1 1 6.1 0 6
47 15 8.3 0 7.4
13.4 1 4 0 5
47.6 15 10.1 0 5.1
19.4 3 5.2 0.2 3.2
52.5 3 11.6 0 16.8
24.5 4 5.3 0 7
21.7 1 5.8 0 2.7
49.2 4 12.5 0 13
46.1 4 12.8 0 13
47 2 12.8 0 13
48.9 2 11.4 0 20.9
39.9 1 6 0.6 22
41.5 2 11.4 0.3 6
36.4 3 10.4 0 11
55.1 15 10.8 0 10.1
72.3 17 11.3 0 28.9
33.9 1 7.1 0.1 10.5
75.7 14 12.1 0 27.6
29.8 2 10 0.1 3.3
35.7 1 5 0.7 21
43.4 0 7.3 0.2 24
76.7 18 12.1 0 28.2
96.4 16 12.9 0 42.1
94.5 13 12.7 0 48.4
72 20 11.6 0 23.4
72.3 18 11.6 0 23.1
79.6 16 13 0.1 29.7
17.1 1 4.8 0 3.2
31.1 2 9.8 0 3.9
54.8 16 10.4 0 11
44 1 8.1 0.2 23.6
71.1 15 13.2 0 24.3
47 4 10.6 0 12.2
57.8 20 11.2 0 12.8
37.1 3 10.3 0 7.2
32.8 3 10.7 0 4.3
47.1 18 8.6 0.1 5.9
73.6 15 12 0.1 25.5
79.5 11 11.3 0 43.5
68.7 14 12.7 0 20.2
