13.5 1 5.02 14 12.3
12 14 8.19 27 10.41
10.5 16 3 0 4
15 4 10.7 5 5.71
14 11 8.97 7 6
10.5 15 9.45 24 10.14
14 2 8 19 3.13
16.5 1 6.62 60 24.82
17.5 1 6.2 0 21.5
16.5 8 11.78 3 25.1
17 12 14.62 8 29.13
16.5 2 11.55 3 20.75
16 2 9.63 0 8.2
16.5 13 12.99 4 35.97
17.225 2 12.01 3 26.55
17 1 12.01 0 29.9
16 1 7.99 14 18.93
14.625 12 10.33 12 36.6
14.5 16 10.67 0 34.99
14.5 3 9.45 3 8.53
16.5 6 12.65 13 23.59
16.5 3 12.08 0 13
15 3 10.52 5 4.05
15 3 9.47 0 4.05
13 14 11.62 0 4.6
12.5 1 5 33 12
14 15 9.89 5 8.12
13.75 16 11.13 6 15.39
14 2 7.96 22 9.73
15 16 10.73 9 27.61
13.75 2 7.95 0 9
15.625 3 9.1 0 18.4
15.625 3 12.05 3 18.47
13 16 8.43 4 9.6
14 16 10.6 4 10.63
15.25 13 10.55 10 13.55
16.25 1 5.5 21 18
13 14 8.53 3 31.5
14.5 3 9.04 4 4.25
11.5 15 8.2 0 3
14.25 1 6.13 0 6
15.5 15 8.32 0 7.35
12 1 4 0 5
14.25 15 10.1 0 5.07
14 3 5.25 16 3.17
16.5 3 11.62 0 16.8
14.5 4 5.31 0 7
15.5 1 5.75 0 2.7
16.75 4 12.46 3 12.96
16.75 4 12.75 0 12.96
16.75 2 12.75 0 13
16.75 2 11.38 0 20.9
17 1 5.99 57 22
16 2 11.37 27 6
14.5 3 10.38 0 11
15 15 10.77 5 10.12
15 17 11.3 0 28.88
16 1 7.06 14 10.5
15.5 14 12.1 5 27.64
15.25 2 10.04 6 3.3
16.5 1 4.99 73 21
19.25 0 7.33 22 24
17.75 18 12.11 0 28.16
18.75 16 12.86 0 42.1
19.25 13 12.7 4 48.43
14 20 11.58 0 23.45
14 18 11.58 3 23.07
18 16 12.97 8 29.7
13.75 1 4.82 0 3.2
15 2 9.75 3 3.85
15.5 16 10.36 2 10.99
15.9 1 8.13 23 23.6
15.25 15 13.23 5 24.33
15.5 4 10.57 4 12.22
14.75 20 11.22 0 12.83
15 3 10.34 0 7.2
14.5 3 10.67 0 4.34
13.5 18 8.6 8 5.94
15 15 11.97 14 25.47
15.25 11 11.27 3 43.47
14.5 14 12.68 3 20.19
