2 5.02
2.1 5.02
2.2 4.03
2.3 5
2.4 6.09
2.5 6.39
2.6 4.99
2.7 6.04
2.8 4.97
2.9 6.54
3 8.1
3.1 7.96
3.2 7.16
3.3 8.59
3.4 8.54
3.5 8.09
3.6 7.25
3.7 8.2
3.8 9.53
3.9 9.28
4 8.4
4.1 7.01
4.2 8.73
4.3 7.48
4.4 8.53
4.5 9.63
4.6 9.51
4.7 9.53
4.8 10.5
4.9 10.55
5 9.15
5.1 11.12
5.2 12.37
5.3 11.78
5.4 10.42
5.5 10.56
5.6 12.56
5.7 10.64
5.8 12.28
5.9 12.15
6 14.09
6.1 12.44
6.2 12.57
6.3 14.43
6.4 12.83
6.5 13.97
6.6 14.43
6.7 14.1
6.8 13.92
6.9 15.46
7 14.6
7.1 14.87
7.2 16.77
7.3 17.74
7.4 16.31
7.5 16.79
7.6 15.3
7.7 16.93
7.8 15.95
7.9 17.09
8 15.76
8.1 16.74
8.2 16.57
8.3 17.94
8.4 18.87
8.5 19.22
8.6 18.94
8.7 17.92
8.8 19.16
8.9 17.55
9 19.38
9.1 17.77
9.2 18.35
9.3 19.38
9.4 18.31
9.5 21.17
9.6 18.72
9.7 19.97
9.8 19.55
9.9 22.32
10 21.59
