2 1.75
2.1 1.03
2.2 -0.14
2.3 -0.29
2.4 -0.34
2.5 -0.75
2.6 -1.96
2.7 -1.91
2.8 -2.87
2.9 -2.46
3 -2.01
3.1 -2.37
3.2 -3
3.3 -2.47
3.4 -2.63
3.5 -2.94
3.6 -3.4
3.7 -2.91
3.8 -2.19
3.9 -2.2
4 -2.48
4.1 -2.97
4.2 -1.87
4.3 -2.19
4.4 -1.33
4.5 -0.4
4.6 -0.04
4.7 0.43
4.8 1.41
4.9 1.97
5 1.84
5.1 3.42
5.2 4.67
5.3 5.04
5.4 5.03
5.5 5.81
5.6 7.53
5.7 7.31
5.8 8.88
5.9 9.58
6 11.33
6.1 11.29
6.2 12.14
6.3 13.86
6.4 13.85
6.5 15.2
6.6 16.21
6.7 16.81
6.8 17.48
6.9 18.98
7 19.28
7.1 20.11
7.2 21.74
7.3 22.88
7.4 22.8
7.5 23.63
7.6 23.46
7.7 24.81
7.8 24.82
7.9 25.84
8 25.6
8.1 26.47
8.2 26.72
8.3 27.7
8.4 28.41
8.5 28.79
8.6 28.81
8.7 28.41
8.8 29.09
8.9 28.3
9 29.18
9.1 28.28
9.2 28.44
9.3 28.77
9.4 28
9.5 29.15
9.6 27.59
9.7 27.84
9.8 27.2
9.9 28.12
10 27.24
