2 1.02
2.1 0.82
2.2 -0.37
2.3 0.4
2.4 1.29
2.5 1.39
2.6 -0.21
2.7 0.64
2.8 -0.63
2.9 0.74
3 2.1
3.1 1.76
3.2 0.76
3.3 1.99
3.4 1.74
3.5 1.09
3.6 0.05
3.7 0.8
3.8 1.93
3.9 1.48
4 0.4
4.1 -1.19
4.2 0.33
4.3 -1.12
4.4 -0.27
4.5 0.63
4.6 0.31
4.7 0.13
4.8 0.9
4.9 0.75
5 -0.85
5.1 0.92
5.2 1.97
5.3 1.18
5.4 -0.38
5.5 -0.44
5.6 1.36
5.7 -0.76
5.8 0.68
5.9 0.35
6 2.09
6.1 0.24
6.2 0.17
6.3 1.83
6.4 0.03
6.5 0.97
6.6 1.23
6.7 0.7
6.8 0.32
6.9 1.66
7 0.6
7.1 0.67
7.2 2.37
7.3 3.14
7.4 1.51
7.5 1.79
7.6 0.1
7.7 1.53
7.8 0.35
7.9 1.29
8 -0.24
8.1 0.54
8.2 0.17
8.3 1.34
8.4 2.07
8.5 2.22
8.6 1.74
8.7 0.52
8.8 1.56
8.9 -0.25
9 1.38
9.1 -0.43
9.2 -0.05
9.3 0.78
9.4 -0.49
9.5 2.17
9.6 -0.48
9.7 0.57
9.8 -0.05
9.9 2.52
10 1.59
