2 5.09
2.1 4.28
2.2 -1.46
2.3 2.6
2.4 7.27
2.5 7.95
2.6 0.16
2.7 4.58
2.8 -1.53
2.9 5.52
3 12.51
3.1 10.98
3.2 6.21
3.3 12.54
3.4 11.51
3.5 8.45
3.6 3.43
3.7 7.42
3.8 13.23
3.9 11.21
4 6.02
4.1 -1.73
4.2 6.03
4.3 -1
4.4 3.47
4.5 8.13
4.6 6.76
4.7 6.04
4.8 10.09
4.9 9.53
5 1.73
5.1 10.81
5.2 16.24
5.3 12.52
5.4 4.9
5.5 4.82
5.6 14.01
5.7 3.6
5.8 10.98
5.9 9.54
6 18.43
6.1 9.39
6.2 9.26
6.3 17.77
6.4 8.96
6.5 13.86
6.6 15.36
6.7 12.89
6.8 11.21
6.9 18.08
7 13
7.1 13.53
7.2 22.24
7.3 26.29
7.4 18.33
7.5 19.93
7.6 11.69
7.7 19.06
7.8 13.37
7.9 18.25
8 10.81
8.1 14.92
8.2 13.25
8.3 19.3
8.4 23.13
8.5 24.08
8.6 21.88
8.7 15.99
8.8 21.41
8.9 12.57
9 20.9
9.1 12.05
9.2 14.16
9.3 18.51
9.4 12.35
9.5 25.86
9.6 12.8
9.7 18.25
9.8 15.34
9.9 28.41
10 23.96
