2 5.04
2.1 4.83
2.2 2.66
2.3 4.4
2.4 6.39
2.5 6.78
2.6 3.78
2.7 5.67
2.8 3.35
2.9 6.29
3 9.2
3.1 8.71
3.2 6.92
3.3 9.57
3.4 9.28
3.5 8.18
3.6 6.29
3.7 8.01
3.8 10.45
3.9 9.77
4 7.81
4.1 4.83
4.2 8.05
4.3 5.36
4.4 7.27
4.5 9.25
4.6 8.82
4.7 8.66
4.8 10.4
4.9 10.29
5 7.29
5.1 11.04
5.2 13.34
5.3 11.97
5.4 9.04
5.5 9.13
5.6 12.92
5.7 8.88
5.8 11.95
5.9 11.5
6 15.17
6.1 11.67
6.2 11.74
6.3 15.27
6.4 11.86
6.5 13.94
6.6 14.67
6.7 13.8
6.8 13.24
6.9 16.11
7 14.2
7.1 14.53
7.2 18.14
7.3 19.88
7.4 16.81
7.5 17.57
7.6 14.4
7.7 17.47
7.8 15.31
7.9 17.38
8 14.52
8.1 16.29
8.2 15.74
8.3 18.28
8.4 19.93
8.5 20.43
8.6 19.67
8.7 17.44
8.8 19.73
8.9 16.31
9 19.76
9.1 16.34
9.2 17.3
9.3 19.16
9.4 16.82
9.5 22.35
9.6 17.24
9.7 19.54
9.8 18.5
9.9 23.85
10 22.19
