2 16.02
2.1 15.03
2.2 13.07
2.3 13.09
2.4 13.25
2.5 12.64
2.6 10.35
2.7 10.53
2.8 8.61
2.9 9.35
3 10.1
3.1 9.17
3.2 7.6
3.3 8.28
3.4 7.5
3.5 6.34
3.6 4.81
3.7 5.09
3.8 5.77
3.9 4.89
4 3.4
4.1 1.42
4.2 2.57
4.3 0.77
4.4 1.29
4.5 1.88
4.6 1.27
4.7 0.82
4.8 1.34
4.9 0.96
5 -0.85
5.1 0.73
5.2 1.61
5.3 0.67
5.4 -1.02
5.5 -1.19
5.6 0.52
5.7 -1.67
5.8 -0.28
5.9 -0.64
6 1.09
6.1 -0.75
6.2 -0.79
6.3 0.92
6.4 -0.81
6.5 0.22
6.6 0.59
6.7 0.19
6.8 -0.04
6.9 1.47
7 0.6
7.1 0.88
7.2 2.81
7.3 3.83
7.4 2.47
7.5 3.04
7.6 1.66
7.7 3.42
7.8 2.59
7.9 3.9
8 2.76
8.1 3.95
8.2 4.01
8.3 5.63
8.4 6.83
8.5 7.47
8.6 7.5
8.7 6.81
8.8 8.4
8.9 7.16
9 9.38
9.1 8.18
9.2 9.19
9.3 10.67
9.4 10.07
9.5 13.42
9.6 11.48
9.7 13.26
9.8 13.39
9.9 16.73
10 16.59
