2 1.42
2.1 1.24
2.2 0.07
2.3 0.86
2.4 1.77
2.5 1.89
2.6 0.31
2.7 1.18
2.8 -0.07
2.9 1.32
3 2.7
3.1 2.38
3.2 1.4
3.3 2.65
3.4 2.42
3.5 1.79
3.6 0.77
3.7 1.54
3.8 2.69
3.9 2.26
4 1.2
4.1 -0.37
4.2 1.17
4.3 -0.26
4.4 0.61
4.5 1.53
4.6 1.23
4.7 1.07
4.8 1.86
4.9 1.73
5 0.15
5.1 1.94
5.2 3.01
5.3 2.24
5.4 0.7
5.5 0.66
5.6 2.48
5.7 0.38
5.8 1.84
5.9 1.53
6 3.29
6.1 1.46
6.2 1.41
6.3 3.09
6.4 1.31
6.5 2.27
6.6 2.55
6.7 2.04
6.8 1.68
6.9 3.04
7 2
7.1 2.09
7.2 3.81
7.3 4.6
7.4 2.99
7.5 3.29
7.6 1.62
7.7 3.07
7.8 1.91
7.9 2.87
8 1.36
8.1 2.16
8.2 1.81
8.3 3
8.4 3.75
8.5 3.92
8.6 3.46
8.7 2.26
8.8 3.32
8.9 1.53
9 3.18
9.1 1.39
9.2 1.79
9.3 2.64
9.4 1.39
9.5 4.07
9.6 1.44
9.7 2.51
9.8 1.91
9.9 4.5
10 3.59
